  9.7714e+000
  3.9083e+001
  8.7929e+001
  1.5630e+002
  2.4417e+002
  3.5152e+002
  4.7833e+002
  6.2457e+002
  7.9020e+002
  9.7518e+002
  1.1795e+003
  1.4030e+003
  1.6457e+003
  1.9076e+003
  2.1886e+003
  2.4885e+003
  2.8074e+003
  3.1452e+003
  3.5017e+003
  3.8769e+003
  4.2707e+003
  4.6831e+003
  5.1138e+003
  5.5628e+003
  6.0300e+003
  6.5152e+003
  7.0184e+003
  7.5395e+003
  8.0782e+003
  8.6345e+003
  9.2083e+003
  9.7993e+003
  1.0407e+004
  1.1033e+004
  1.1675e+004
  1.2333e+004
  1.3009e+004
  1.3700e+004
  1.4408e+004
  1.5132e+004
  1.5872e+004
  1.6627e+004
  1.7398e+004
  1.8184e+004
  1.8985e+004
  1.9801e+004
  2.0632e+004
  2.1477e+004
  2.2337e+004
  2.3211e+004
  2.4098e+004
  2.5000e+004
  2.5914e+004
  2.6842e+004
  2.7783e+004
  2.8737e+004
  2.9703e+004
  3.0681e+004
  3.1672e+004
  3.2674e+004
  3.3688e+004
  3.4713e+004
  3.5750e+004
  3.6797e+004
  3.7854e+004
  3.8922e+004
  4.0000e+004
  4.1088e+004
  4.2185e+004
  4.3291e+004
  4.4407e+004
  4.5531e+004
  4.6663e+004
  4.7804e+004
  4.8953e+004
  5.0109e+004
  5.1272e+004
  5.2443e+004
  5.3620e+004
  5.4803e+004
  5.5993e+004
  5.7189e+004
  5.8390e+004
  5.9597e+004
  6.0808e+004
  6.2024e+004
  6.3245e+004
  6.4469e+004
  6.5698e+004
  6.6930e+004
  6.8165e+004
  6.9403e+004
  7.0644e+004
  7.1886e+004
  7.3131e+004
  7.4378e+004
  7.5626e+004
  7.6875e+004
  7.8125e+004
  7.9375e+004
  8.0625e+004
  8.1875e+004
  8.3125e+004
  8.4374e+004
  8.5622e+004
  8.6869e+004
  8.8114e+004
  8.9356e+004
  9.0597e+004
  9.1835e+004
  9.3070e+004
  9.4302e+004
  9.5531e+004
  9.6755e+004
  9.7976e+004
  9.9192e+004
  1.0040e+005
  1.0161e+005
  1.0281e+005
  1.0401e+005
  1.0520e+005
  1.0638e+005
  1.0756e+005
  1.0873e+005
  1.0989e+005
  1.1105e+005
  1.1220e+005
  1.1334e+005
  1.1447e+005
  1.1559e+005
  1.1671e+005
  1.1782e+005
  1.1891e+005
  1.2000e+005
  1.2108e+005
  1.2215e+005
  1.2320e+005
  1.2425e+005
  1.2529e+005
  1.2631e+005
  1.2733e+005
  1.2833e+005
  1.2932e+005
  1.3030e+005
  1.3126e+005
  1.3222e+005
  1.3316e+005
  1.3409e+005
  1.3500e+005
  1.3590e+005
  1.3679e+005
  1.3766e+005
  1.3852e+005
  1.3937e+005
  1.4020e+005
  1.4101e+005
  1.4182e+005
  1.4260e+005
  1.4337e+005
  1.4413e+005
  1.4487e+005
  1.4559e+005
  1.4630e+005
  1.4699e+005
  1.4767e+005
  1.4833e+005
  1.4897e+005
  1.4959e+005
  1.5020e+005
  1.5079e+005
  1.5137e+005
  1.5192e+005
  1.5246e+005
  1.5298e+005
  1.5348e+005
  1.5397e+005
  1.5444e+005
  1.5489e+005
  1.5532e+005
  1.5573e+005
  1.5612e+005
  1.5650e+005
  1.5685e+005
  1.5719e+005
  1.5751e+005
  1.5781e+005
  1.5809e+005
  1.5835e+005
  1.5860e+005
  1.5882e+005
  1.5902e+005
  1.5921e+005
  1.5938e+005
  1.5952e+005
  1.5965e+005
  1.5976e+005
  1.5984e+005
  1.5991e+005
  1.5996e+005
  1.5999e+005
