  5.0060e+002
  1.2004e+003
  2.3272e+002
  1.5394e+003
  2.6943e+001
  9.8886e+002
  3.4107e+002
  1.3919e+003
  2.9992e+000
  1.1207e+003
  7.7749e+002
  1.5930e+003
  7.8510e+001
  8.6490e+002
  4.0208e+002
  1.5021e+003
  1.5241e+002
  1.3164e+003
  6.4190e+002
  1.5787e+003
  5.8727e+001
  1.0736e+003
  2.5793e+002
  1.5277e+003
  1.4982e+001
  1.2441e+003
  5.4663e+002
  1.4264e+003
  1.0306e+002
  8.1493e+002
  3.6094e+002
  1.5984e+003
  1.7929e+002
  1.2861e+003
  7.0307e+002
  1.5607e+003
  3.8881e+001
  9.5194e+002
  4.7806e+002
  1.4663e+003
  6.9961e+000
  1.3457e+003
  5.8191e+002
  1.5959e+003
  1.2843e+002
  9.0231e+002
  3.0279e+002
  1.4882e+003
  2.0123e+002
  1.1554e+003
  6.7848e+002
  1.5701e+003
  1.0990e+001
  1.0133e+003
  4.3406e+002
  1.3738e+003
  4.6827e+001
  1.3263e+003
  5.2346e+002
  1.6058e+003
  9.4461e+001
  8.5241e+002
  3.2168e+002
  1.5216e+003
  1.7231e+002
  1.1781e+003
  7.4017e+002
  1.5864e+003
  2.2959e+001
  1.0973e+003
  3.9163e+002
  1.4428e+003
  6.6647e+001
  1.2653e+003
  6.0574e+002
  1.6089e+003
  1.1763e+002
  9.2717e+002
  2.7546e+002
  1.5504e+003
  2.1667e+002
  1.2224e+003
  7.1541e+002
  1.6006e+003
  1.8972e+001
  1.0011e+003
  4.5587e+002
  1.4180e+003
  5.0796e+001
  1.3646e+003
  5.7008e+002
  1.6162e+003
  1.4004e+002
  8.3992e+002
  3.3131e+002
  1.5088e+003
  2.4098e+002
  1.1439e+003
  8.0244e+002
  1.5745e+003
  3.0925e+001
  1.0496e+003
  4.2330e+002
  1.4586e+003
  3.4904e+001
  1.2963e+003
  6.2979e+002
  1.6249e+003
  8.6417e+001
  9.6428e+002
  2.8444e+002
  1.5152e+003
  1.8644e+002
  1.2547e+003
  6.9076e+002
  1.6124e+003
  6.2688e+001
  1.0854e+003
  4.8929e+002
  1.4737e+003
  4.2855e+001
  1.4008e+003
  5.9379e+002
  1.6298e+003
  1.2293e+002
  8.8985e+002
  3.7106e+002
  1.5450e+003
  2.6663e+002
  1.1893e+003
  7.6503e+002
  1.5898e+003
  8.2461e+001
  1.0376e+003
  4.4492e+002
  1.4347e+003
  5.4763e+001
  1.3552e+003
  6.6624e+002
  1.6409e+003
  1.5887e+002
  9.7659e+002
  3.1217e+002
  1.5655e+003
  2.2462e+002
  1.2115e+003
  7.5259e+002
  1.6351e+003
  9.8662e+001
  1.1090e+003
  5.3501e+002
  1.4952e+003
  7.0604e+001
  1.3361e+003
  5.5832e+002
  1.6545e+003
  1.4613e+002
  9.3957e+002
  3.8129e+002
  1.5557e+003
  2.9355e+002
  1.2757e+003
  8.2742e+002
  1.6203e+003
  9.0402e+001
  1.0616e+003
  4.6692e+002
  1.5337e+003
  7.4558e+001
  1.4095e+003
  6.5405e+002
  1.6626e+003
  1.6550e+002
  9.1475e+002
  3.5095e+002
  1.6030e+003
  2.0887e+002
  1.2333e+003
  7.8996e+002
  1.6721e+003
  1.1255e+002
  1.1323e+003
  4.1264e+002
  1.4508e+003
  1.9375e+002
  1.3064e+003
  8.7738e+002
  1.5826e+003
  1.0769e+002
  1.0254e+003
  6.1774e+002
  1.6841e+003
  2.4938e+002
  1.3830e+003
  7.2778e+002
  1.6474e+003
  1.3414e+002
  1.4811e+003
  5.1199e+002
  1.1668e+003
