  1.0996e+003
  4.2249e+002
  1.4188e+003
  1.0466e+002
  1.5537e+003
  7.4444e+002
  1.2938e+003
  1.8245e+002
  1.6002e+003
  5.0174e+002
  9.4368e+002
  6.6901e+000
  1.4838e+003
  6.4535e+002
  1.2431e+003
  6.0860e+001
  1.3685e+003
  3.3752e+002
  1.0288e+003
  3.9308e+001
  1.5786e+003
  6.9469e+002
  1.1453e+003
  1.4468e+002
  1.5198e+003
  2.4161e+002
  8.3191e+002
  8.6923e+001
  1.5618e+003
  5.6058e+002
  1.2638e+003
  6.7639e-001
  1.4493e+003
  3.7918e+002
  1.0645e+003
  1.4517e+001
  1.5926e+003
  7.8190e+002
  1.2114e+003
  2.0694e+002
  1.5142e+003
  2.9766e+002
  8.8179e+002
  6.5716e+001
  1.5840e+003
  6.0873e+002
  1.3415e+003
  2.5402e+001
  1.4026e+003
  4.5596e+002
  9.8041e+002
  1.0220e+001
  1.5969e+003
  6.5763e+002
  1.1226e+003
  2.2399e+002
  1.4965e+003
  3.1735e+002
  8.1941e+002
  1.1734e+002
  1.5403e+003
  5.2508e+002
  1.3133e+003
  4.7379e+001
  1.4343e+003
  4.0064e+002
  1.0526e+003
  1.9579e+001
  1.5988e+003
  7.5692e+002
  1.1898e+003
  1.5932e+002
  1.4705e+003
  2.6905e+002
  9.1901e+002
  7.5966e+001
  1.5725e+003
  5.8455e+002
  1.3596e+003
  2.8341e+000
  1.3858e+003
  4.7869e+002
  1.0047e+003
  5.2132e+000
  1.5887e+003
  6.8231e+002
  1.1677e+003
  1.9863e+002
  1.5304e+003
  2.8800e+002
  8.5688e+002
  1.2393e+002
  1.5814e+003
  5.4869e+002
  1.2839e+003
  5.1690e+001
  1.4636e+003
  3.5813e+002
  1.0762e+003
  3.0955e-001
  1.5942e+003
  7.6941e+002
  1.2221e+003
  1.3760e+002
  1.5026e+003
  2.5977e+002
  9.3136e+002
  9.8577e+001
  1.5494e+003
  6.2090e+002
  1.3228e+003
  2.8597e+001
  1.4108e+003
  4.3356e+002
  9.6821e+002
  1.2273e+001
  1.5999e+003
  7.1952e+002
  1.1340e+003
  2.3273e+002
  1.5354e+003
  3.4777e+002
  8.4440e+002
  8.1357e+001
  1.5691e+003
  5.1337e+002
  1.2535e+003
  3.1980e+001
  1.4419e+003
  4.6728e+002
  1.1111e+003
  1.9298e+000
  1.5907e+003
  7.9441e+002
  1.2006e+003
  1.6688e+002
  1.4773e+003
  2.7846e+002
  8.9422e+002
  1.1092e+002
  1.5578e+003
  5.7254e+002
  1.3322e+003
  2.2396e+001
  1.3772e+003
  4.1152e+002
  1.0168e+003
  8.3589e+000
  1.5995e+003
  6.6995e+002
  1.1566e+003
  1.7459e+002
  1.5085e+003
  3.2738e+002
  9.0663e+002
  1.5192e+002
  1.5756e+003
  5.3685e+002
  1.3506e+003
  4.3251e+001
  1.4565e+003
  3.6861e+002
  9.5596e+002
  1.2124e+000
  1.5655e+003
  7.0709e+002
  1.2739e+003
  1.9047e+002
  1.5980e+003
  4.4471e+002
  8.0691e+002
  7.0752e+001
  1.4266e+003
  5.9662e+002
  1.2327e+003
  3.5551e+001
  1.5252e+003
  2.5062e+002
  1.0407e+003
  3.9281e+000
  1.5865e+003
  6.3310e+002
  1.3036e+003
  1.3068e+002
  1.4903e+003
  3.8986e+002
  8.6934e+002
  9.2663e+001
  1.5957e+003
  7.3197e+002
  1.0879e+003
  1.6953e+001
  1.3943e+003
  3.0745e+002
  9.9257e+002
  5.6184e+001
  1.5449e+003
  2.1539e+002
  1.1788e+003
  4.9018e+002
